1 0.492446 0.501551 0.984892 0.996897
2 0.162702 0.0211897 0.270535 0.0255117
2 0.838615 0.0211193 0.272634 0.024986
1 0.727763 0.0207182 0.0438004 0.0205461
1 0.290571 0.0217642 0.0302064 0.0145046
1 0.456468 0.190776 0.119367 0.0433684
2 0.500209 0.235089 0.100165 0.0183263
2 0.50054 0.259006 0.25556 0.0210897
0 0.503191 0.423578 0.900378 0.0599601
1 0.111685 0.423784 0.0773759 0.0352835
1 0.756841 0.424335 0.0640167 0.0325513
1 0.88361 0.425345 0.0722279 0.0316943
1 0.61563 0.553136 0.16026 0.0758474
1 0.385709 0.553487 0.158713 0.0725223
1 0.848614 0.554028 0.15956 0.0718931
1 0.153159 0.549752 0.151688 0.0625328
2 0.847281 0.603939 0.144006 0.0163889
2 0.150773 0.603961 0.132656 0.0158656
2 0.384825 0.604251 0.130905 0.0154293
2 0.616353 0.604321 0.0920059 0.0146785
1 0.855827 0.690607 0.176464 0.0752226
1 0.384584 0.693455 0.157904 0.0740533
1 0.153943 0.693858 0.166394 0.0744015
1 0.615479 0.694125 0.152622 0.0723208
1 0.615774 0.692077 0.116441 0.0599395
2 0.384087 0.744159 0.10908 0.0165203
2 0.616417 0.743891 0.0887519 0.0159042
2 0.847813 0.744541 0.112475 0.016622
2 0.151624 0.744925 0.137517 0.0161095
1 0.50358 0.814565 0.0252448 0.0152303
1 0.593167 0.814438 0.0298605 0.0144228
1 0.40697 0.814337 0.0350854 0.0140947
1 0.546634 0.814435 0.0282094 0.0142282
1 0.454519 0.815336 0.0313276 0.0132394
1 0.447648 0.857023 0.0617599 0.0260094
1 0.849119 0.887544 0.162963 0.0732811
1 0.152042 0.888022 0.159038 0.073764
1 0.616432 0.888257 0.15778 0.0722846
1 0.384956 0.88882 0.159254 0.0716986
1 0.22821 0.96946 0.0665012 0.0266336
1 0.786421 0.969551 0.0459195 0.0266464
1 0.503543 0.969669 0.0556927 0.0240755
